time (s)	energy (uJ)	charge (mC)	voltage (mV)	crossing#mod 255
84258.483136	206.563705	0.035939	5.747578	139
84259.537085	192.627075	0.035938	5.360038	140
84260.577347	207.940521	0.035936	5.786434	141
84261.612709	196.374176	0.035939	5.464105	142
84262.670329	217.393723	0.035939	6.048967	143
84263.735466	181.765152	0.035938	5.057725	144
84264.733782	216.728592	0.035938	6.030641	145
84265.810983	206.543228	0.035936	5.747595	146
84266.835125	220.365326	0.035942	6.131057	147
84267.838043	196.954056	0.035934	5.480950	148
84269.022733	112.320724	0.035940	3.125224	149
84269.997291	210.034424	0.035942	5.843704	150
84271.021041	236.654572	0.035939	6.584936	151
84272.178887	119.113411	0.035938	3.314424	152
84273.223564	77.286041	0.035936	2.150683	153
84274.188556	204.071838	0.035936	5.678759	154
84275.199546	235.368912	0.035934	6.549960	155
84276.282500	205.992371	0.035937	5.731974	156
84277.312130	217.174225	0.035942	6.042388	157
84278.375319	206.774185	0.035938	5.753566	158
84279.392426	236.157120	0.035937	6.571449	159
84280.443430	230.016739	0.035938	6.400339	160
84281.484287	233.548340	0.035941	6.498177	161
84282.544656	216.671753	0.035935	6.029555	162
84283.578658	234.948532	0.035937	6.537735	163
84284.638038	211.842957	0.035936	5.894977	164
84285.667770	233.756271	0.035935	6.504930	165
84286.719279	223.781723	0.035938	6.226822	166
84287.759007	241.111816	0.035936	6.709554	167
84288.807239	231.203461	0.035937	6.433568	168
84289.830354	264.067505	0.035936	7.348247	169
84290.890507	244.033279	0.035937	6.790669	170
84291.928933	259.589264	0.035938	7.223229	171
84292.981243	245.807053	0.035937	6.839876	172
84294.047825	206.452560	0.035938	5.744755	173
84295.072671	242.331253	0.035942	6.742257	174
84296.123231	238.994202	0.035938	6.650134	175
84297.183151	200.664246	0.035936	5.583954	176
84298.224174	216.192001	0.035936	6.016106	177
84299.143645	150.380539	0.035936	4.184659	178
84300.304918	233.093369	0.035936	6.486371	179
84301.347474	241.749512	0.035941	6.726215	180
84302.398376	223.856659	0.035934	6.229585	181
84303.458824	279.731110	0.035935	7.784325	182
84304.567411	-47.954636	0.035938	-1.334389	183
84305.549520	196.125107	0.035936	5.457675	184
84306.559893	258.600830	0.035938	7.195782	185
84307.620764	240.233246	0.035938	6.684592	186
84308.678803	195.008347	0.035938	5.426219	187
84309.731864	413.104309	0.035938	11.494927	188
84310.754465	226.375137	0.035935	6.299615	189
84311.806661	230.574020	0.035935	6.416366	190
84312.840173	237.069519	0.035935	6.597141	191
84313.899946	223.997269	0.035935	6.233443	192
84314.931315	232.236923	0.035936	6.462462	193
84315.999934	205.238754	0.035941	5.710369	194
84316.959336	301.192535	0.035935	8.381661	195
84318.079115	228.462173	0.035937	6.357228	196
84319.103005	255.115540	0.035937	7.099004	197
84320.196273	167.919174	0.035941	4.672073	198
84321.191864	256.778107	0.035938	7.145064	199
84322.261359	220.061371	0.035937	6.123557	200
84323.277419	265.955017	0.035941	7.399693	201
84324.349463	224.039658	0.035933	6.234976	202
84325.384226	228.722778	0.035934	6.365029	203
84326.442414	221.116623	0.035940	6.152369	204
84327.474519	230.345306	0.035943	6.408694	205
84328.524008	236.216431	0.035936	6.573324	206
84329.584373	186.469055	0.035940	5.188274	207
84330.618950	220.328140	0.035935	6.131321	208
84331.660389	222.531631	0.035942	6.191352	209
84332.721011	188.524780	0.035934	5.246400	210
84333.783635	143.797119	0.035935	4.001605	211
84334.852359	90.673737	0.035935	2.523283	212
84335.838097	234.912842	0.035938	6.536555	213
84336.857434	299.120880	0.035942	8.322418	214
84337.946463	187.779327	0.035942	5.224518	215
84338.899191	297.960022	0.035934	8.291837	216
84340.034483	193.068710	0.035935	5.372793	217
84342.107720	237.014206	0.035936	6.595434	219
84343.150031	241.153885	0.035936	6.710727	220
84344.201775	225.699432	0.035941	6.279697	221
84345.242364	232.259537	0.035934	6.463560	222
84346.260076	302.042847	0.035936	8.405100	223
84347.335377	224.242004	0.035934	6.240340	224
84348.395801	189.668350	0.035934	5.278289	225
84349.427896	220.927353	0.035940	6.147081	226
84350.480654	200.395325	0.035935	5.576540	227
84351.550889	136.464386	0.035934	3.797598	228
84352.566031	209.454285	0.035940	5.827867	229
84353.584185	288.748535	0.035941	8.034036	230
84354.659610	209.586029	0.035939	5.831655	231
84355.702324	216.472305	0.035935	6.024025	232
84356.736129	233.446915	0.035939	6.495726	233
84357.802943	190.510345	0.035935	5.301589	234
84358.852411	127.402397	0.035940	3.544829	235
84359.893173	190.540726	0.035935	5.302429	236
84360.914131	232.020020	0.035936	6.456530	237
84361.989410	176.983154	0.035933	4.925358	238
84363.014267	203.781815	0.035934	5.670935	239
84364.045915	264.129089	0.035942	7.348814	240
84365.082698	258.700134	0.035936	7.198947	241
84366.155687	210.928436	0.035938	5.869218	242
84367.202005	179.316772	0.035935	4.990039	243
84368.245212	214.863434	0.035934	5.979382	244
84369.277984	219.367935	0.035935	6.104569	245
84370.320202	255.018799	0.035936	7.096483	246
84371.394928	145.005615	0.035940	4.034673	247
84372.434947	190.308136	0.035934	5.296086	248
84373.446058	252.120071	0.035934	7.016104	249
84374.484204	294.656433	0.035936	8.199581	250
84375.530862	268.020752	0.035935	7.458391	251
84376.599434	226.276566	0.035938	6.296319	252
84377.640960	216.279526	0.035937	6.018283	253
84378.690588	220.594574	0.035934	6.138885	254
84379.740936	197.234329	0.035935	5.488677	255
84380.790934	192.509491	0.035938	5.356688	0
84381.831593	191.720840	0.035936	5.335100	1
84382.862698	239.538666	0.035940	6.665017	2
84383.916586	206.473999	0.035938	5.745254	3
84384.942155	267.664612	0.035937	7.448069	4
84386.016638	183.787552	0.035937	5.114123	5
84387.045151	226.492157	0.035934	6.302995	6
84388.095183	212.205566	0.035933	5.905525	7
84389.110746	293.136841	0.035936	8.157152	8
84390.181011	228.700409	0.035934	6.364422	9
84391.222600	232.300598	0.035939	6.463673	10
84392.273101	221.811859	0.035936	6.172458	11
84393.320433	210.112442	0.035941	5.846109	12
84394.354683	245.500290	0.035940	6.830887	13
84395.403789	230.817902	0.035940	6.422263	14
84396.453449	219.685287	0.035943	6.112105	15
84397.512973	175.374023	0.035939	4.879759	16
84398.544582	217.063034	0.035934	6.040583	17
84399.583026	234.055161	0.035939	6.512547	18
84400.639357	199.571548	0.035936	5.553593	19
84401.720290	112.125687	0.035935	3.120260	20
84402.736310	180.506805	0.035937	5.022904	21
84403.784645	176.499420	0.035937	4.911363	22
84404.802783	242.455521	0.035934	6.747241	23
84405.861665	213.589752	0.035937	5.943372	24
84406.903041	212.150955	0.035942	5.902669	25
84407.950581	221.844391	0.035940	6.172581	26
