time (s)	energy (uJ)	charge (mC)	voltage (mV)	crossing#mod 255
84490.135514	196.857758	0.035939	5.477610	103
84491.153398	207.251526	0.035939	5.766809	104
84492.202457	221.227722	0.035935	6.156256	105
84493.262572	201.364761	0.035937	5.603240	106
84494.300542	222.337845	0.035938	6.186648	107
84495.353035	209.568069	0.035938	5.831377	108
84496.385479	223.982422	0.035935	6.233013	109
84497.436596	221.658417	0.035936	6.168174	110
84498.475988	224.790680	0.035934	6.255691	111
84499.530576	222.580887	0.035935	6.193966	112
84500.579737	218.221436	0.035937	6.072384	113
84501.548235	215.639023	0.035936	6.000604	114
84502.661732	228.310638	0.035939	6.352771	115
84503.721691	213.155258	0.035939	5.930957	116
84504.782521	201.144318	0.035935	5.597433	117
84505.797099	237.324448	0.035940	6.603285	118
84506.690797	19.924801	0.035941	0.554368	119
84507.890055	236.320160	0.035942	6.575039	120
84508.946063	219.367386	0.035936	6.104450	121
84509.982296	236.057129	0.035941	6.567990	122
84511.028825	229.609589	0.035940	6.388676	123
84512.072227	236.336655	0.035938	6.576251	124
84513.121007	229.908676	0.035935	6.397914	125
84514.161867	239.255692	0.035936	6.657908	126
84515.190947	255.054535	0.035941	7.096390	127
84516.242889	253.566559	0.035936	7.056114	128
84517.293167	243.421143	0.035938	6.773272	129
84518.361195	207.124969	0.035936	5.763778	130
84519.391071	235.511215	0.035938	6.553340	131
84520.435747	235.550354	0.035940	6.554016	132
84521.484979	232.552414	0.035936	6.471240	133
84522.451245	254.646088	0.035941	7.085032	134
84523.569652	244.613846	0.035939	6.806370	135
84524.609845	248.566605	0.035936	6.916956	136
84525.659098	241.982010	0.035935	6.733909	137
84526.708664	236.217300	0.035938	6.572919	138
84527.748665	243.764877	0.035937	6.783115	139
84528.799876	237.151520	0.035935	6.599537	140
84529.867078	181.394913	0.035937	5.047564	141
84530.897751	225.924133	0.035940	6.286220	142
84531.929915	234.482193	0.035934	6.525384	143
84532.990866	217.312317	0.035938	6.046811	144
84534.010418	253.921295	0.035939	7.065436	145
84535.083903	216.152130	0.035935	6.015125	146
84536.127599	193.384720	0.035938	5.381121	147
84537.390511	-116.306183	0.035942	-3.235974	148
84538.197039	239.328934	0.035934	6.660211	149
84539.264871	218.854248	0.035935	6.090347	150
84540.280862	251.271729	0.035936	6.992247	151
84541.350410	228.779572	0.035936	6.366356	152
84542.385108	220.188217	0.035936	6.127246	153
84543.442823	222.336075	0.035935	6.187122	154
84544.463321	248.540039	0.035938	6.915778	155
84545.536940	209.504379	0.035938	5.829643	156
84546.560739	233.111618	0.035934	6.487271	157
84547.622804	220.457916	0.035937	6.134583	158
84548.652635	229.483658	0.035934	6.386298	159
84549.725030	190.589066	0.035939	5.303195	160
84550.756525	200.956940	0.035938	5.591737	161
84551.781654	268.397827	0.035936	7.468876	162
84553.914531	157.740555	0.035940	4.389032	164
84555.973512	232.860367	0.035934	6.480282	166
84557.006146	263.627380	0.035938	7.335555	167
84558.057981	240.545700	0.035940	6.693025	168
84559.125991	192.764297	0.035935	5.364318	169
84560.150223	240.200760	0.035939	6.683625	170
84561.204952	217.898331	0.035939	6.062956	171
84562.204902	315.898895	0.035941	8.789254	172
84563.289546	228.882309	0.035933	6.369769	173
84564.336076	221.937973	0.035938	6.175611	174
84565.386969	213.780731	0.035938	5.948654	175
84566.427176	216.183060	0.035939	6.015353	176
84567.476873	214.361023	0.035937	5.964902	177
84568.516158	217.973129	0.035937	6.065427	178
84569.549254	257.804382	0.035938	7.173521	179
84570.600331	237.070923	0.035938	6.596689	180
84571.652031	225.660400	0.035935	6.279731	181
84572.693714	226.614670	0.035938	6.305743	182
84573.679894	312.547089	0.035942	8.695801	183
84574.768128	269.905853	0.035940	7.509963	184
84575.837913	211.172180	0.035941	5.875547	185
84576.891793	180.650772	0.035938	5.026777	186
84577.926278	215.656174	0.035939	6.000698	187
84578.984137	173.870804	0.035938	4.838139	188
84580.015773	210.736618	0.035936	5.864251	189
84581.057130	231.575378	0.035935	6.444313	190
84582.094821	239.613220	0.035936	6.667757	191
84583.168947	172.285110	0.035940	4.793720	192
84584.185451	232.481674	0.035939	6.468733	193
84586.296269	172.755997	0.035934	4.807575	195
84588.363598	230.654999	0.035943	6.417225	197
84591.505261	246.145020	0.035941	6.848654	200
84592.671314	9.685420	0.035938	0.269500	201
84593.607118	213.352051	0.035935	5.937207	202
84594.661615	150.374420	0.035936	4.184548	203
84595.656007	318.228790	0.035943	8.853690	204
84596.727957	215.599640	0.035935	5.999718	205
84597.754757	302.779327	0.035941	8.424235	206
84598.794190	279.440247	0.035935	7.776368	207
84599.871849	230.926804	0.035940	6.425292	208
84600.901030	235.091248	0.035936	6.541919	209
84601.971519	201.513229	0.035932	5.608159	210
84603.011717	185.855423	0.035942	5.171039	211
84604.040619	253.275589	0.035937	7.047822	212
84605.071934	266.081024	0.035939	7.403748	213
84606.144646	215.416061	0.035935	5.994597	214
84607.194205	184.256836	0.035936	5.127394	215
84608.226119	233.134460	0.035934	6.487863	216
84609.268695	231.426163	0.035933	6.440553	217
84610.319236	219.172104	0.035939	6.098530	218
84611.346563	268.687347	0.035934	7.477261	219
84612.420648	183.196655	0.035937	5.097752	220
84613.467219	185.783218	0.035939	5.169444	221
84614.487975	243.736862	0.035934	6.782931	222
84615.542449	226.353760	0.035937	6.298670	223
84616.580062	236.977661	0.035934	6.594876	224
84617.634273	220.625992	0.035935	6.139551	225
84618.706920	136.259308	0.035939	3.791415	226
84619.722259	226.492676	0.035937	6.302464	227
84620.763867	225.441910	0.035937	6.273295	228
84621.831924	172.875687	0.035936	4.810717	229
84622.856358	217.386276	0.035933	6.049724	230
84623.907821	213.844162	0.035939	5.950219	231
84624.949843	208.899109	0.035939	5.812655	232
84625.909519	272.104767	0.035935	7.572036	233
84627.018047	271.175079	0.035937	7.545854	234
84628.090553	206.106812	0.035940	5.734800	235
84629.144067	170.815796	0.035933	4.753695	236
84630.175751	216.355759	0.035942	6.019640	237
84631.217059	221.420380	0.035934	6.161821	238
84632.232148	303.946014	0.035937	8.457719	239
