num crossings	time (s)	maj axis (mm)	min axis (mm)	theta (rad )	slope (V/s)
82641	86806.095648	56.117920	0.647186	1.551675	5.244334
82645	86810.273687	55.683433	0.440093	1.538491	5.080745
82649	86814.452710	56.410173	0.670789	1.527393	4.909474
82653	86818.631155	55.494533	0.638614	1.531455	5.243531
82659	86824.899454	53.655092	0.600454	1.529186	5.015516
82667	86833.256944	54.383012	0.631831	1.531879	4.892176
82669	86835.346712	55.818859	0.550749	1.524158	4.982479
82671	86837.436099	55.074663	0.595591	1.523237	5.168804
82677	86843.703516	56.296960	0.656564	1.527176	5.108279
82681	86847.882605	55.680832	0.645438	1.528483	5.183724
82683	86849.971567	56.078366	0.655906	1.548178	5.289924
82685	86852.060688	55.404101	0.630644	1.531369	5.014265
82687	86854.149669	55.621273	0.642891	1.550577	5.143643
82693	86860.417432	55.801983	0.398197	1.542793	5.024732
82695	86862.506535	55.744426	0.377585	1.542653	5.293851
82697	86864.595363	56.319333	0.658143	1.530926	4.622900
82701	86868.774123	55.487642	0.409236	1.545096	5.014288
82705	86872.952232	55.555450	0.661747	1.527215	5.316005
82707	86875.041803	55.928283	0.649389	1.546445	5.094684
82709	86877.131900	56.413232	0.673132	1.532624	4.860552
82723	86891.757715	55.755277	0.372804	1.543084	5.101585
82725	86893.847361	56.099329	0.361762	1.541567	4.979709
82727	86895.936994	56.126494	0.661865	1.526386	4.927095
82731	86900.114887	56.103220	0.687662	1.527972	5.082481
82735	86904.293536	55.877795	0.428230	1.534695	5.227684
82737	86906.382276	55.825757	0.558346	1.533784	5.529529
82741	86910.560486	56.474785	0.815005	1.529959	5.095653
82747	86916.828463	52.799164	0.606348	1.530945	5.205444
82751	86921.006690	55.872868	0.367938	1.540680	5.244747
82753	86923.095973	56.053717	0.355830	1.540514	5.224403
82755	86925.185201	55.945512	0.322357	1.539501	5.150824
82761	86931.453610	55.510994	0.355981	1.540869	5.322793
82765	86935.632280	55.601642	0.421369	1.532822	5.161411
82767	86937.722223	56.057678	0.636839	1.521347	5.123196
82771	86941.901410	55.969617	0.661218	1.526941	5.297808
82773	86943.990440	55.657713	0.683329	1.520314	5.315909
82775	86946.079769	56.333070	0.679070	1.520795	5.098739
82777	86948.168974	55.783534	0.701091	1.521753	4.873489
82787	86958.615218	56.408383	0.683326	1.522684	5.150846
82789	86960.704725	56.113953	0.674512	1.544320	4.995195
82791	86962.793819	55.914624	0.688053	1.523440	5.170762
82793	86964.882694	55.937883	0.679446	1.520007	5.195775
82795	86966.971422	55.822489	0.579234	1.530217	5.045697
82799	86971.149956	55.921712	0.673071	1.544924	5.157430
82803	86975.329095	53.996620	0.633067	1.527808	4.837576
82819	86992.043605	55.520241	0.384965	1.538280	5.003594
82825	86998.312518	55.720230	0.466494	1.530557	5.193004
82829	87002.491341	55.689081	0.687055	1.522597	5.075038
82833	87006.669562	55.258756	0.417739	1.539937	5.166543
82835	87008.758257	55.848537	0.345701	1.537482	5.090065
82841	87015.026363	55.852043	0.386957	1.537218	5.095877
82843	87017.115370	55.887461	0.382048	1.537257	5.197375
82847	87021.294038	56.109362	0.710381	1.527922	5.094515
82853	87027.561682	55.671867	0.466666	1.529426	5.191881
82855	87029.650589	54.971758	0.686876	1.515385	5.163812
82857	87031.740202	55.646953	0.567156	1.529707	4.964772
82861	87035.919519	55.930881	0.338728	1.536230	5.124012
82865	87040.097728	53.750007	0.648111	1.522832	5.152406
82869	87044.277220	56.860621	0.741513	1.519876	4.995368
82871	87046.366675	55.809252	0.713931	1.544465	4.952668
82875	87050.544882	56.616488	0.712305	1.521720	5.171324
82879	87054.723878	55.481865	0.702634	1.522412	4.904349
82883	87058.901976	55.738705	0.354291	1.535827	5.264237
82885	87060.991515	56.616410	0.715183	1.519693	5.066065
82887	87063.080992	55.931248	0.727428	1.543774	5.213258
82889	87065.169874	56.333864	0.707046	1.520851	5.268327
82891	87067.258616	55.914538	0.697361	1.540943	5.259114
82897	87073.526927	55.669300	0.465836	1.528202	5.082840
82899	87075.615952	55.619793	0.703132	1.540730	5.175308
82901	87077.705068	55.925125	0.719131	1.521773	5.254973
82903	87079.794434	55.850869	0.703446	1.540371	5.066856
82907	87083.973632	55.340880	0.707292	1.517488	4.978842
82913	87090.241405	56.609278	0.736267	1.519636	5.065125
82915	87092.330376	55.982693	0.672369	1.515050	4.856103
82917	87094.420614	55.786559	0.688402	1.540762	5.187060
82921	87098.599017	55.356353	0.421205	1.535691	5.176445
82927	87104.867581	56.018591	0.740010	1.516319	5.005566
82929	87106.956860	55.667107	0.583284	1.526519	5.225492
82933	87111.134991	55.641561	0.393657	1.533838	5.138319
82941	87119.491906	55.858877	0.338734	1.532458	5.088338
82945	87123.670628	55.088468	0.410752	1.535028	4.964530
82949	87127.848657	55.713926	0.705436	1.517481	5.191679
82953	87132.027097	55.567652	0.705855	1.518115	4.927700
82955	87134.116803	55.511577	0.682281	1.538905	4.978761
82957	87136.205991	56.006992	0.389068	1.531199	5.017246
82959	87138.295073	55.764294	0.393947	1.532638	5.142612
82961	87140.384933	55.919276	0.405228	1.531874	4.871017
82963	87142.474567	55.560354	0.699381	1.516607	5.060094
82965	87144.563562	55.738116	0.703014	1.539223	5.232348
82969	87148.742436	55.391412	0.691586	1.517197	4.855953
82977	87157.099887	54.199664	0.687965	1.517285	5.169175
82981	87161.278687	55.787342	0.360923	1.531246	5.199042
82985	87165.456792	55.630503	0.462216	1.525644	5.075694
82991	87171.724549	55.204057	0.430306	1.533570	5.162767
82995	87175.903450	55.496979	0.419654	1.532104	4.926692
82999	87180.081176	55.666491	0.393125	1.530933	5.066744
83001	87182.171033	54.534683	0.705983	1.516988	4.948188
83011	87192.617879	56.492001	0.747198	1.517292	5.147442
83013	87194.706928	55.708451	0.614075	1.523515	5.213508
83017	87198.885267	55.558549	0.437068	1.530387	5.155809
83021	87203.064938	55.781756	0.409164	1.529600	5.114969
83029	87211.422261	55.641898	0.430637	1.530707	4.918555
83031	87213.511463	55.737720	0.720496	1.513518	5.071806
83035	87217.689825	56.208182	0.699095	1.511339	5.218940
83037	87219.779320	55.630586	0.632155	1.521506	5.081343
83041	87223.957746	55.391481	0.466334	1.523206	5.025149
83045	87228.136203	55.817575	0.364687	1.529504	5.021929
83049	87232.313908	55.681176	0.419733	1.528451	5.008754
83051	87234.403596	55.389638	0.407355	1.529472	5.086893
83055	87238.582531	55.530765	0.417477	1.529378	5.019235
83057	87240.671433	54.265480	0.700528	1.516067	5.363126
83059	87242.760104	55.730574	0.710860	1.509753	5.043653
83061	87244.850400	55.592617	0.621183	1.521330	5.061559
83063	87246.939466	55.681189	0.755526	1.509876	5.133386
83071	87255.297256	55.539267	0.439683	1.528994	4.926639
83073	87257.386160	54.680682	0.709372	1.514846	5.230547
83077	87261.564657	55.924140	0.417332	1.527744	4.888462
83079	87263.654593	56.033347	0.762510	1.521245	5.101605
83081	87265.742919	55.590087	0.628713	1.520452	5.186942
83085	87269.922740	52.998305	0.679251	1.514568	4.868309
83087	87272.011609	55.684227	0.729206	1.507980	4.940292
83089	87274.100725	56.351183	0.871469	1.510199	5.226476
83093	87278.279123	55.817686	0.442424	1.526921	5.143247
83095	87280.369137	55.583532	0.490641	1.521303	4.973715
83097	87282.458321	56.073085	0.788397	1.510021	5.055602
83099	87284.547196	55.918315	0.742889	1.533037	5.206201
83101	87286.636358	55.187319	0.472934	1.529102	4.956633
83103	87288.726153	55.395076	0.737662	1.512398	4.979606
83109	87294.993672	56.330689	0.755589	1.510346	5.184464
83111	87297.082817	56.387248	0.771001	1.533546	5.119805
83113	87299.172532	55.955153	0.430351	1.525943	4.943883
83115	87301.261708	55.421566	0.732499	1.508886	5.030978
83117	87303.351000	55.685338	0.641535	1.518755	5.155019
83125	87311.708238	55.596174	0.497368	1.520207	5.011468
83127	87313.797791	55.452623	0.702569	1.506135	5.165208
83129	87315.886724	55.853481	0.742909	1.532013	5.373003
83133	87320.065377	55.777130	0.430196	1.525538	5.079891
83137	87324.244437	55.578860	0.511396	1.519541	5.023727
83139	87326.333338	55.894469	0.787340	1.508002	5.095877
83157	87345.136881	55.617825	0.756053	1.511523	5.271962
83161	87349.315698	55.566238	0.454899	1.526323	5.046647
83163	87351.405115	55.651691	0.508594	1.519094	4.974470
83165	87353.494287	55.629135	0.778262	1.505936	5.112110
83169	87357.672943	56.039413	0.774497	1.511638	5.279061
83171	87359.761963	55.285034	0.752665	1.533201	5.289571
83175	87363.940654	55.647891	0.494763	1.519064	5.251355
83177	87366.030063	55.717395	0.783390	1.505576	4.743863
83179	87368.119610	55.671278	0.644999	1.517497	4.907127
83181	87370.209208	55.786546	0.641751	1.517558	5.040209
83183	87372.298030	55.817702	0.762830	1.531630	5.211468
83187	87376.476996	55.645122	0.473303	1.524824	5.153302
83191	87380.655739	55.548152	0.456578	1.525426	4.996072
83193	87382.745292	53.719208	0.710814	1.509237	5.238088
83197	87386.923697	55.622601	0.514692	1.517884	5.006691
83201	87391.102435	55.767399	0.418187	1.523946	4.847891
83207	87397.369903	55.563539	0.440414	1.525069	5.095264
83209	87399.459316	55.224188	0.472128	1.526226	5.115748
83219	87409.905619	55.149736	0.462310	1.525820	5.378870
83227	87418.262947	56.528838	0.809440	1.510649	5.018017
83231	87422.441897	56.171440	0.768520	1.506625	5.233856
83233	87424.531642	55.836765	0.755404	1.528979	5.028199
83237	87428.709752	56.357735	0.781284	1.509968	5.182311
83243	87434.977819	55.609802	0.456144	1.524069	5.173889
83247	87439.156556	55.672781	0.517458	1.515903	5.204119
83249	87441.245721	55.797894	0.662098	1.501989	5.154580
83251	87443.334751	55.621200	0.755550	1.503140	5.247633
83259	87451.691742	55.783210	0.660873	1.514458	5.271881
83261	87453.780961	56.021953	0.770599	1.529276	5.128752
83263	87455.869734	55.645020	0.504500	1.515940	5.047799
83265	87457.959259	55.969679	0.761549	1.526106	5.250949
83273	87466.316544	55.840590	0.753491	1.527602	5.172972
83281	87474.674042	55.651191	0.439382	1.522042	5.140316
83283	87476.763530	55.111618	0.475626	1.524004	5.059897
83285	87478.853346	55.903776	0.763907	1.505785	5.035475
83287	87480.942769	56.042401	0.785085	1.503456	5.013017
83291	87485.121064	55.608656	0.446940	1.522145	5.119112
83293	87487.210392	55.184746	0.516149	1.523822	5.063023
83299	87493.478871	55.667951	0.505653	1.515149	5.053675
83301	87495.568252	56.099643	0.776358	1.527422	5.177786
83303	87497.657008	54.100873	0.736230	1.509279	5.084607
83307	87501.835046	55.173409	0.495625	1.524126	5.157985
83313	87508.103114	56.778354	0.820374	1.512239	4.942441
83315	87510.192154	55.934262	0.774278	1.525499	5.112528
83319	87514.370527	55.586086	0.428577	1.520053	4.994734
83321	87516.459815	55.698882	0.523018	1.513817	5.275626
83325	87520.638790	55.869160	0.817674	1.507872	4.889939
83327	87522.728174	55.671382	0.751997	1.499832	5.058081
83329	87524.817687	55.928560	0.782154	1.526178	5.072637
83331	87526.906671	55.604892	0.548196	1.512495	5.208870
83339	87535.264929	55.840252	0.818106	1.500818	5.240825
83341	87537.354179	55.461762	0.808709	1.499043	5.352751
83345	87541.532784	55.174645	0.767090	1.505934	5.214460
83351	87547.801052	55.567935	0.487663	1.520163	5.088604
83361	87558.246840	55.748754	0.484577	1.518524	4.863222
83363	87560.336145	55.651500	0.461664	1.519279	5.132833
83365	87562.425086	55.728732	0.511902	1.513563	5.012556
83367	87564.514209	55.302554	0.710634	1.497040	5.269519
83369	87566.603724	55.731427	0.771931	1.524252	5.083130
83371	87568.692498	55.629225	0.459644	1.518467	5.120355
83375	87572.871454	56.331610	0.432309	1.518023	5.318073
83377	87574.960715	56.424239	0.796063	1.503394	5.282708
83383	87581.229181	56.350074	0.784096	1.502585	5.109605
83389	87587.496934	55.710382	0.489739	1.518926	5.114599
83395	87593.765706	55.818896	0.456577	1.518925	5.153968
83399	87597.943928	55.442980	0.761077	1.500631	5.317898
83401	87600.033563	55.796869	0.663548	1.511335	4.992228
83405	87604.212334	55.657166	0.774091	1.503807	4.886412
83413	87612.568336	54.993527	0.503648	1.520167	4.949379
83415	87614.657996	56.652567	0.816307	1.503467	4.996295
83427	87627.193269	54.459032	0.755586	1.503796	5.161422
83429	87629.282829	55.431397	0.796154	1.496013	4.836720
83431	87631.372407	55.601722	0.794779	1.497671	5.002667
83433	87633.461972	55.642262	0.777192	1.497057	5.317896
83439	87639.729694	56.232881	0.795545	1.501407	5.317183
83441	87641.819515	55.762929	0.835868	1.497608	4.973569
83453	87654.354990	55.587916	0.549346	1.510766	4.857925
83455	87656.444111	56.056326	0.809260	1.521522	5.024864
83459	87660.622091	53.502280	0.771496	1.501624	5.054567
83467	87668.979433	55.934704	0.492964	1.515402	5.258753
83475	87677.336047	55.146041	0.501105	1.517832	5.141404
83479	87681.515490	55.515164	0.529451	1.516578	4.906055
83483	87685.693970	54.119529	0.780970	1.501154	5.153263
83487	87689.872495	55.405775	0.802631	1.499193	5.062678
83489	87691.962489	55.604597	0.798351	1.495032	4.926111
83491	87694.051890	55.663068	0.798751	1.495446	5.140385
83495	87698.229723	55.658274	0.495763	1.515713	4.979828
83497	87700.319124	55.633986	0.495384	1.515462	5.244481
83501	87704.497960	56.054049	0.817852	1.501713	5.027168
83503	87706.587476	55.844806	0.811563	1.520870	5.197508
83505	87708.676657	55.593246	0.442494	1.515251	5.084609
83507	87710.765557	55.560525	0.538335	1.515645	5.251647
83509	87712.854501	55.656871	0.454240	1.515151	5.028391
83513	87717.033230	55.951828	0.500475	1.513820	5.044222
83517	87721.211558	55.555111	0.481486	1.514492	5.280849
83523	87727.479571	53.353990	0.749108	1.497807	5.122337
83525	87729.569048	55.764656	0.704875	1.506451	5.109097
83527	87731.658211	56.177097	0.785778	1.495158	5.086240
83531	87735.837174	56.650867	0.819874	1.499594	4.930988
83535	87740.016073	55.447805	0.793097	1.496465	4.839371
83539	87744.194367	55.094803	0.509059	1.516890	5.317305
83549	87754.641052	55.842090	0.494644	1.513969	5.134088
83551	87756.730738	55.719092	0.470862	1.513467	4.887115
83555	87760.908890	55.658511	0.544314	1.507174	5.121951
83559	87765.087689	55.735869	0.500072	1.512871	4.979330
83561	87767.176552	55.702479	0.570683	1.506711	5.115845
83563	87769.265715	55.971711	0.820687	1.494199	5.314651
83565	87771.354609	55.976894	0.814002	1.517340	5.134353
83569	87775.533655	57.936135	0.903575	1.499437	4.971985
83571	87777.622789	55.914491	0.801166	1.493156	5.130400
83573	87779.711967	55.413239	0.798897	1.519687	5.295756
83577	87783.890766	56.368786	0.828041	1.497288	5.015066
83579	87785.980102	55.183013	0.803165	1.520045	4.997889
83581	87788.069831	54.764794	0.793662	1.499079	4.960035
83583	87790.159344	55.898473	0.822250	1.493585	4.888007
83587	87794.337570	55.493295	0.473209	1.512432	5.102687
83605	87813.141546	55.663640	0.816437	1.497152	4.995577
83609	87817.319753	55.626745	0.576954	1.505407	5.137698
83617	87825.676721	56.479518	0.876425	1.500608	5.025839
83625	87834.033907	54.667289	0.556451	1.515712	5.207082
83631	87840.301931	55.229542	0.564692	1.513294	5.202658
83633	87842.391051	55.016501	0.542888	1.513637	5.255071
83637	87846.570286	55.116736	0.538157	1.513071	5.132372
83639	87848.659548	55.710924	0.503565	1.511934	5.042435
83649	87859.106052	54.231143	0.813533	1.497155	5.114818
83653	87863.284888	55.061753	0.557141	1.513492	5.230190
83659	87869.552292	55.409692	0.843372	1.494960	4.966871
83661	87871.641678	55.773584	0.856321	1.491122	4.887611
83663	87873.731036	55.508852	0.730267	1.502911	5.090916
83665	87875.820204	55.840884	0.891205	1.491411	5.265835
83667	87877.908960	55.763866	0.861612	1.490362	5.234582
83669	87879.998169	55.812383	0.736597	1.502566	4.965841
83671	87882.088029	55.925505	0.847043	1.515816	4.869369
83673	87884.177215	55.728981	0.835857	1.493714	5.096470
83675	87886.266554	55.738745	0.723649	1.502351	5.096527
83679	87890.445599	55.273440	0.571742	1.511671	5.088234
83681	87892.534584	55.971196	0.840374	1.493293	5.205238
83683	87894.623982	55.613010	0.737237	1.502383	5.071219
83691	87902.981398	55.571276	0.565732	1.503983	4.961288
83693	87905.070483	55.892113	0.843575	1.490233	5.207401
83705	87917.606187	55.851069	0.486041	1.507898	5.183496
83707	87919.695218	55.511736	0.567365	1.509842	5.216196
83709	87921.784485	55.586210	0.517460	1.509462	5.242920
83713	87925.962917	55.825859	0.853863	1.495165	4.847905
83715	87928.052162	55.949643	0.859958	1.514483	5.045923
83717	87930.141404	55.421576	0.847120	1.491791	5.104121
83721	87934.319893	55.668531	0.596559	1.502434	4.850963
83725	87938.498617	55.787814	0.528219	1.508295	5.086959
83729	87942.677058	56.389400	0.857234	1.490731	5.292118
83731	87944.766352	56.013743	0.769771	1.488423	5.108910
83741	87955.213653	55.590279	0.874000	1.496129	4.973447
83743	87957.302342	56.139419	0.944250	1.488943	5.270664
83745	87959.391916	55.673078	0.819054	1.487793	4.989921
83749	87963.570999	55.566359	0.566109	1.503023	4.965059
83753	87967.749110	55.465054	0.859482	1.515353	5.249724
83755	87969.838038	55.693837	0.539062	1.508111	5.191843
83757	87971.927827	55.076512	0.552846	1.511083	4.899879
83761	87976.106439	55.678743	0.579678	1.501759	5.049476
83763	87978.195662	55.334276	0.871015	1.517772	5.127133
83765	87980.284096	55.343787	0.604789	1.509531	5.075406
83767	87982.373207	56.338734	0.862825	1.492888	5.155210
83769	87984.462865	55.796459	0.886188	1.488155	5.019610
83771	87986.552157	56.254330	0.881763	1.512531	4.976952
83777	87992.819705	55.877229	0.528061	1.505959	5.060253
83785	88001.178130	55.049938	0.541415	1.509983	5.162395
83787	88003.266902	56.076498	0.562599	1.506083	5.162263
83791	88007.445304	55.721726	0.588006	1.501170	4.980634
83793	88009.534910	55.759497	0.867890	1.513446	4.964374
83797	88013.713830	56.209302	0.903096	1.489022	5.061580
83801	88017.892214	56.596225	0.890617	1.493017	5.259099
83803	88019.981421	55.381659	0.829056	1.485664	4.971524
83805	88022.070612	56.284037	0.899708	1.513376	4.895441
83807	88024.160060	55.396703	0.609664	1.508527	5.008273
83809	88026.249406	55.509274	0.571679	1.506059	5.310965
83815	88032.517016	55.763111	0.618788	1.500042	4.881729
83823	88040.873586	57.056408	0.900268	1.492229	5.132797
83825	88042.962638	56.012742	0.862880	1.511177	5.091385
83833	88051.320116	56.719202	0.879702	1.489143	5.230727
83837	88055.499539	54.980840	0.844891	1.490582	4.973102
83845	88063.856736	55.373163	0.554933	1.506766	5.255501
83849	88068.035399	56.709585	0.884632	1.488828	4.962540
83853	88072.213579	55.961858	0.550751	1.504312	5.187931
83855	88074.303893	56.011143	0.487181	1.505440	4.822717
83859	88078.482039	55.882147	0.861168	1.512746	5.149693
83861	88080.571145	55.648855	0.596062	1.505307	5.279725
83863	88082.659935	55.583708	0.552842	1.505130	5.261929
83865	88084.749329	55.233261	0.597541	1.506690	5.163123
83871	88091.016723	55.157909	0.578058	1.506491	5.137169
83875	88095.195340	56.609197	0.866722	1.489373	5.007059
83879	88099.374145	55.160198	0.595043	1.506379	5.187541
83881	88101.463331	54.876868	0.614553	1.508501	5.057824
83885	88105.641696	55.063389	0.586759	1.507376	5.239607
83887	88107.731098	55.927502	0.517213	1.503659	5.239835
83891	88111.909806	56.994571	0.883703	1.490458	5.172861
83893	88113.999604	55.864622	0.874877	1.510847	5.398622
83897	88118.177873	55.781644	0.596611	1.498242	5.201996
83899	88120.267894	56.042312	0.865479	1.484775	5.041914
83901	88122.357094	56.688032	4.626522	1.493332	5.297576
83905	88126.535196	55.370407	0.593891	1.504362	4.959717
83909	88130.714103	56.808502	0.894350	1.491299	5.430124
83911	88132.803062	56.033917	0.892610	1.484638	5.227962
83913	88134.892057	56.075824	0.873962	1.484720	5.263098
83915	88136.981417	56.165956	0.814316	1.483818	5.034635
83921	88143.249131	55.382626	0.600474	1.504281	5.220755
83923	88145.338188	56.428784	0.873445	1.486457	5.091485
83929	88151.605890	55.251253	0.859286	1.489020	5.147725
83931	88153.695173	55.880943	0.870509	1.508833	5.070721
83933	88155.784654	56.314127	0.873641	1.488037	5.005808
83935	88157.873993	55.496193	0.762737	1.495312	5.069948
83939	88162.052851	55.721874	0.879318	1.485302	4.891284
83945	88168.321051	55.585277	0.543717	1.502668	5.163908
83953	88176.678717	55.672771	0.625127	1.496204	5.241386
83955	88178.767731	55.751976	0.779275	1.494884	5.185745
83961	88185.035806	55.487658	0.573108	1.502500	4.904700
83963	88187.124859	54.564776	0.864304	1.487216	4.959128
83965	88189.214376	56.138141	0.917439	1.509639	5.046931
83967	88191.303104	56.332064	0.909168	1.486372	5.271273
83973	88197.570621	55.773929	0.644252	1.495858	5.302300
83981	88205.927674	55.690818	0.643925	1.495344	4.998219
83983	88208.016885	55.523703	0.894029	1.481206	5.009842
83987	88212.195907	55.775414	0.649890	1.495397	5.201781
83991	88216.374202	55.716363	0.904122	1.487915	5.275389
83995	88220.552688	55.147196	0.882469	1.487954	5.056535
83997	88222.642238	55.177507	0.921288	1.511509	4.978174
83999	88224.731823	55.742309	0.602071	1.501368	5.015487
84005	88230.999763	55.497650	0.674692	1.493809	5.137527
84011	88237.267163	55.883451	0.578528	1.500774	5.120611
84013	88239.356548	55.281931	0.891832	1.488986	5.048258
84015	88241.446229	56.934766	4.689686	1.491760	4.902724
84017	88243.535545	55.734350	0.671560	1.494255	5.063615
84023	88249.802909	53.533931	0.850402	1.483676	5.084666
84027	88253.981810	56.190976	0.919472	1.484030	5.008712
84029	88256.070898	55.984113	0.911832	1.507854	5.135027
84031	88258.159650	56.033078	0.579156	1.500098	5.194000
84037	88264.428151	55.780738	0.682272	1.493775	5.178780
84043	88270.695738	55.510395	0.609765	1.501384	5.057132
84047	88274.874598	55.200730	0.616597	1.503115	4.946325
84049	88276.964122	55.922534	0.584075	1.499072	5.003458
84051	88279.053347	55.561296	0.598191	1.500286	5.088398
84053	88281.142546	55.401397	0.890095	1.484291	5.131522
84057	88285.320953	55.814146	0.550305	1.499557	5.096420
84061	88289.499378	56.629455	0.929353	1.484082	4.977886
84065	88293.678142	56.116156	4.433242	1.480940	5.051816
84071	88299.946186	56.528805	0.926308	1.504595	5.079546
84077	88306.213722	56.141919	0.907578	1.482723	5.325187
84081	88310.391984	55.361901	0.892398	1.486312	5.107392
84087	88316.659784	55.463054	0.640940	1.500280	4.991635
84091	88320.838809	55.992995	0.576797	1.498165	4.935936
84093	88322.927955	55.641645	0.573010	1.500601	5.170498
84095	88325.017343	56.019016	0.581964	1.498749	5.113346
84099	88329.196220	55.833419	0.621059	1.493158	5.184288
84101	88331.284821	55.993614	0.933467	1.479450	5.163093
84105	88335.463645	56.527744	0.910417	1.481970	4.931950
84109	88339.642621	55.715011	0.915669	1.486538	5.149764
84117	88347.999426	55.783973	0.897288	1.484761	5.073403
84119	88350.088722	56.255133	0.930239	1.479489	5.240284
84125	88356.356693	55.848927	0.646503	1.491577	4.987778
84129	88360.535554	55.696971	0.578778	1.498549	4.973925
84137	88368.892243	55.826627	0.665966	1.491437	5.247100
84143	88375.160357	55.301836	0.886662	1.482790	4.982254
84145	88377.249299	55.949176	0.912102	1.503046	5.052253
84147	88379.338271	55.645438	0.601447	1.499900	5.273536
84149	88381.427771	53.880499	0.852898	1.483235	5.232334
84155	88387.695846	55.819292	0.666964	1.490822	5.061317
84159	88391.874349	55.614423	0.895553	1.483274	5.104088
84163	88396.053288	55.701845	0.904258	1.480098	5.048339
84165	88398.142654	56.011706	0.910451	1.503616	4.913435
84175	88408.589064	55.915615	0.594861	1.496913	5.008525
84181	88414.856586	56.020076	0.996565	1.477406	5.064296
84185	88419.035377	55.895528	0.813091	1.489425	4.887543
84189	88423.213378	56.353593	1.090375	1.488002	5.142360
84191	88425.302492	56.078292	0.933170	1.502378	5.282338
84193	88427.391688	55.671264	0.613381	1.497280	5.218687
84195	88429.481223	56.070177	0.909007	1.479983	5.051473
84197	88431.570454	56.262840	0.880120	1.476231	4.932726
84199	88433.659469	55.959017	0.920764	1.503541	5.309481
84201	88435.748516	56.262753	0.646047	1.495108	5.166764
84203	88437.837871	55.885178	0.640263	1.490864	5.149608
84205	88439.927394	55.604056	0.899380	1.475265	5.048091
84209	88444.106654	56.349840	0.919542	1.479542	5.187370
84211	88446.195326	56.113563	0.935292	1.477367	5.289074
84215	88450.373959	56.246915	0.927702	1.477479	5.160544
84217	88452.463622	55.127095	0.862714	1.473471	4.910729
84219	88454.553132	55.557850	0.904955	1.502784	5.078947
84221	88456.642566	56.159217	0.579860	1.495314	5.108156
84223	88458.731498	55.446802	0.902535	1.482263	5.014853
84225	88460.820926	56.551718	0.924742	1.501543	5.073208
84231	88467.089472	55.748715	0.644452	1.496300	5.014448
84233	88469.178434	55.876839	0.541832	1.494738	5.292815
84235	88471.267392	55.392526	0.623334	1.497433	5.272586
84237	88473.356545	55.799088	0.891900	1.477965	5.147082
84239	88475.445850	55.832128	0.801704	1.487849	5.100836
84241	88477.535329	56.978762	4.668906	1.485924	5.146207
84243	88479.624561	55.872756	0.629209	1.489965	5.153546
84245	88481.713619	56.003422	0.918022	1.501236	5.188524
84247	88483.802469	57.189637	0.972075	1.480175	5.247500
84249	88485.891777	56.041597	0.815445	1.487891	5.018503
84251	88487.981337	55.890806	0.786748	1.488068	5.040283
84253	88490.070718	55.770381	0.906777	1.500828	5.185285
84261	88498.428007	55.791069	0.607669	1.494988	5.051990
84265	88502.606951	55.816623	0.643710	1.488862	5.024014
84267	88504.696216	56.018049	0.923927	1.500359	5.043536
84271	88508.874705	55.622805	0.596747	1.495144	5.199565
84273	88510.964012	55.620500	0.577719	1.494936	5.126582
84275	88513.053461	55.928130	0.617231	1.493980	4.821560
84279	88517.231957	56.151191	0.948615	1.481020	4.994739
84283	88521.410530	55.283441	0.925328	1.481968	5.300360
84291	88529.767296	55.507264	0.609169	1.495011	5.232807
84295	88533.945735	56.596736	0.931395	1.477021	5.041605
84299	88538.124462	55.216783	0.595759	1.494518	5.142703
84303	88542.302664	55.672700	0.664025	1.486978	5.185115
84307	88546.481176	56.183613	0.927225	1.477339	5.150846
84311	88550.660617	56.596402	0.932552	1.480123	5.023357
84313	88552.749896	56.085728	0.929954	1.498612	5.169259
84317	88556.928149	55.747673	0.645425	1.487577	5.119124
84323	88563.196868	55.487408	0.620147	1.494592	5.033356
84325	88565.285879	56.522425	0.935374	1.477236	5.156748
84331	88571.553839	55.859363	0.644105	1.492679	5.054180
84333	88573.642977	55.952001	0.612645	1.492957	5.180199
84339	88579.910681	55.232871	0.647566	1.495124	5.211353
84341	88581.999512	55.791380	0.672854	1.486993	5.190269
84345	88586.178198	56.907346	0.947416	1.476255	5.253385
84349	88590.356870	55.832618	0.932830	1.476282	4.991665
84351	88592.446112	55.511087	0.907432	1.471329	5.227375
84355	88596.624324	55.661646	0.688272	1.485704	5.128307
84357	88598.713615	55.880482	0.942690	1.472559	5.118104
84361	88602.892575	55.634932	0.569762	1.492621	5.172753
84363	88604.982249	56.412581	0.954494	1.478737	5.028842
84365	88607.071498	55.442383	0.927987	1.499354	5.252959
84367	88609.160839	55.683871	0.602761	1.492494	4.952850
84369	88611.249862	55.884204	0.938637	1.474701	5.158269
84377	88619.607604	56.465039	0.950602	1.476680	5.116854
84379	88621.697070	56.310857	0.963946	1.497747	5.303377
84385	88627.964350	55.707054	0.589765	1.491986	5.219841
84389	88632.142737	55.667316	0.933162	1.478834	5.099563
84393	88636.321034	56.981813	0.965778	1.479840	5.219730
84395	88638.410290	55.831163	0.935834	1.497885	5.058252
84397	88640.499805	56.694438	0.963116	1.475172	5.011388
84399	88642.588656	55.905030	0.977954	1.499102	5.119501
84403	88646.767851	55.875288	0.579388	1.490320	5.087205
84407	88650.946316	56.557633	0.946329	1.475382	5.171280
84409	88653.035467	56.184526	0.938936	1.496358	5.122983
84413	88657.214144	56.136966	0.942617	1.476843	5.116901
84417	88661.393438	54.368871	0.884127	1.475676	4.923506
84419	88663.482758	55.986468	0.906586	1.471472	5.065907
84429	88673.928823	55.845192	0.701906	1.484185	5.180659
84437	88682.285848	55.132081	0.662540	1.493407	5.131156
84443	88688.553494	56.616895	0.946557	1.473033	5.062366
84447	88692.731999	55.801151	0.670684	1.484135	5.228708
84449	88694.821100	56.216746	0.955726	1.470916	5.388980
84451	88696.910334	55.088917	0.924788	1.500085	5.194425
84459	88705.267786	57.115684	0.977332	1.475992	5.112279
84467	88713.625837	55.754686	0.937034	1.495280	4.915586
84469	88715.714880	55.616500	0.657716	1.484151	5.006861
84473	88719.893113	56.019297	0.589668	1.489009	4.957333
84479	88726.161787	55.578511	0.608734	1.490630	5.055554
84485	88732.428684	55.696732	0.625577	1.484551	5.131415
84491	88738.696877	55.694123	0.617460	1.490886	4.997197
84495	88742.874493	55.318630	0.923410	1.470350	5.306246
84503	88751.231439	56.039786	0.633569	1.487311	5.155655
84505	88753.320738	55.255129	0.909790	1.473482	5.200066
84511	88759.588165	56.257056	0.952527	1.475682	5.239829
84515	88763.767690	56.377941	0.919719	1.471539	4.883533
84519	88767.946400	55.506796	0.926333	1.471682	5.149401
84521	88770.035588	56.220237	0.964031	1.493510	5.293500
84523	88772.124832	55.754026	0.672498	1.482066	5.122626
84527	88776.303362	56.183615	0.916827	1.471924	4.884794
84529	88778.393018	55.678192	0.941255	1.494011	4.960530
84537	88786.749766	56.544256	0.960915	1.472444	5.096011
84541	88790.928373	56.985278	0.969437	1.471333	5.145281
84543	88793.017750	55.583377	0.942275	1.495880	4.972476
84547	88797.196056	55.541514	0.678356	1.488354	4.963829
84561	88811.820986	55.809463	0.708167	1.480844	4.931155
84565	88816.000143	55.997942	0.969122	1.472158	4.928208
84567	88818.089578	55.821701	0.960930	1.466165	4.898550
84575	88826.446564	56.342852	4.499997	1.468769	5.130553
84581	88832.714440	55.780618	0.684848	1.481588	4.997766
84587	88838.982077	55.862052	0.687975	1.485991	5.376156
84591	88843.160255	55.724030	0.671971	1.487291	4.910667
84601	88853.606549	55.298193	0.688458	1.488096	5.079592
84603	88855.696101	55.829861	0.620572	1.487179	5.053391
84607	88859.874402	55.538051	0.632985	1.486721	5.195062
84611	88864.053144	55.627815	0.567186	1.486182	5.110949
84625	88878.679910	55.814621	0.684417	1.480729	4.976612
84627	88880.769533	56.005790	4.464393	1.464392	5.027030
84631	88884.948236	55.760034	0.758013	1.478843	5.016910
84635	88889.126282	55.811093	0.675185	1.480391	5.268150
84637	88891.215313	55.844534	0.971259	1.493449	5.053297
84643	88897.482188	56.953835	0.996701	1.467507	5.123584
84645	88899.571810	55.964045	0.855180	1.478174	4.771561
84647	88901.660101	55.965494	0.838028	1.479094	4.860042
84649	88903.750493	55.578018	4.576288	1.465460	5.124975
84653	88907.928772	56.782804	0.994113	1.472180	4.929367
84655	88910.017737	55.966436	0.975630	1.491306	5.004203
84657	88912.106712	55.907129	0.699278	1.479588	5.261216
84661	88916.286168	55.689081	0.669811	1.485308	5.083345
84663	88918.375418	55.971328	0.649111	1.485507	4.895100
84669	88924.643797	55.522687	0.686983	1.486265	5.146013
84671	88926.733382	53.874222	0.928549	1.470487	4.988080
84691	88947.625479	55.774978	0.719436	1.485821	5.199108
84695	88951.803628	57.043275	1.005493	1.470192	5.019531
84703	88960.160799	56.775174	1.000983	1.468181	5.110730
84709	88966.428099	56.084259	0.651981	1.483005	4.915268
84711	88968.517965	56.532381	0.987362	1.467173	4.937331
84713	88970.607770	55.804540	0.979109	1.490496	5.098714
84717	88974.786223	55.855098	0.720915	1.484245	5.326150
84719	88976.875499	57.060132	1.020931	1.471485	5.056359
84721	88978.965323	56.013486	0.987830	1.490927	5.080080
84723	88981.055108	55.641299	0.681109	1.485729	4.935976
84725	88983.144006	55.609181	0.674184	1.485886	5.256168
84729	88987.322611	56.111698	1.023157	1.464335	5.152841
84733	88991.501272	57.245530	1.019332	1.469982	5.291474
84735	88993.590466	55.997012	1.001307	1.491696	5.286205
84739	88997.768798	54.756866	0.980224	1.472329	5.074250
84741	88999.857619	56.275462	1.007781	1.491110	4.963718
84747	89006.125396	55.611639	0.703386	1.484626	5.154954
84749	89008.214157	55.243389	0.991215	1.473310	5.081519
84755	89014.481968	55.560459	0.660551	1.483883	5.025566
84757	89016.571356	55.779734	0.742835	1.476523	4.994258
84759	89018.660407	56.297399	0.960655	1.463880	5.065133
84761	89020.749522	55.452341	0.955275	1.461307	5.262277
84763	89022.839069	55.920270	0.972092	1.462953	5.031108
84765	89024.928687	55.918609	0.856754	1.476350	5.065497
84769	89029.107534	55.796960	0.639902	1.483487	5.284238
84771	89031.196761	55.823654	0.650852	1.483176	4.998085
84773	89033.286533	56.328394	0.990031	1.467388	5.143354
84775	89035.375883	55.697545	0.985380	1.492477	5.173148
84787	89047.911633	55.541429	0.742729	1.485779	4.993587
84789	89050.000469	55.643443	0.736819	1.484500	5.099830
84795	89056.267879	55.683349	0.746152	1.476050	5.139688
84797	89058.356842	55.920139	0.858456	1.475561	5.102998
84799	89060.446324	55.272933	0.975345	1.491405	5.079531
84801	89062.535409	55.894398	0.583703	1.481961	5.242119
84811	89072.982083	56.769530	0.969281	1.468194	5.126271
84813	89075.071460	56.030015	0.956889	1.462553	5.087912
84817	89079.250359	55.298681	0.706429	1.484549	5.154988
84821	89083.429187	55.769692	0.731749	1.475901	4.965891
84823	89085.518621	55.889907	0.977247	1.489317	5.133365
84825	89087.607886	54.250245	0.942512	1.467533	4.983839
84827	89089.697665	55.981677	0.975463	1.489012	5.136856
84833	89095.965945	55.471226	0.959358	1.468371	5.295623
84835	89098.054497	56.343192	0.992722	1.488473	5.061470
84837	89100.144196	55.644490	0.619257	1.483629	5.266239
84839	89102.232597	55.866579	0.640101	1.481659	5.222047
84843	89106.410805	57.044589	1.022120	1.467574	5.176864
84845	89108.500138	56.137970	1.019035	1.462408	5.144612
84847	89110.589138	56.334567	0.945088	1.461875	4.978472
84855	89118.945649	55.683457	0.674018	1.482175	5.133290
84863	89127.303717	55.789082	0.718591	1.475411	5.212348
84867	89131.482286	55.610790	0.681013	1.482589	5.085950
84871	89135.661196	55.763637	0.748030	1.475196	5.157230
84875	89139.840236	55.217111	0.722887	1.485584	5.103761
84877	89141.930032	56.437221	0.993600	1.463345	4.719212
84881	89146.108407	55.784297	0.754706	1.475251	5.283035
84887	89152.376000	56.881329	1.044834	1.468202	4.955932
84889	89154.465367	55.787976	0.992089	1.488364	4.951189
84895	89160.732376	55.429887	0.682465	1.483142	5.346172
84905	89171.178314	56.568490	1.006298	1.464804	5.161940
84911	89177.446040	55.598378	0.723370	1.481270	5.035104
84913	89179.535268	55.555091	0.750012	1.473633	5.175445
84915	89181.624571	56.048229	1.004852	1.485928	5.286745
84917	89183.714116	56.310241	1.012131	1.465500	5.243171
84919	89185.803340	55.733986	0.895029	1.473904	5.113509
84921	89187.893226	56.015346	1.017801	1.486571	5.134569
84923	89189.982481	56.078242	1.012752	1.466197	4.981052
84925	89192.071985	56.302434	1.026728	1.462043	5.014539
84929	89196.251103	55.750671	0.706353	1.480854	5.086671
84931	89198.340353	55.292160	0.729150	1.483474	5.163313
84939	89206.697086	55.405546	0.727508	1.483568	5.070131
84941	89208.786374	55.303042	0.756482	1.484036	5.100047
84945	89212.964533	55.760209	0.751934	1.474551	4.995945
84949	89217.142453	55.809059	0.767247	1.474287	5.167832
84953	89221.320875	56.695021	1.026242	1.463544	5.034890
84957	89225.499550	55.345339	1.002405	1.462512	5.004617
84959	89227.588802	55.983797	1.034518	1.487177	4.885426
84961	89229.678106	55.863089	0.744127	1.474388	4.862916
84967	89235.946174	55.533164	0.723048	1.480595	4.966987
84969	89238.035866	55.588824	0.686327	1.480854	4.974838
84973	89242.214566	55.642191	1.011009	1.467997	5.054571
84975	89244.304171	56.125345	1.027221	1.486189	5.302023
84977	89246.393525	55.832028	0.727747	1.481087	5.086974
84981	89250.572400	56.541811	1.046754	1.463848	4.955583
84985	89254.750854	57.126996	1.041710	1.463481	5.186243
84989	89258.929029	55.563078	1.028489	1.458138	5.172174
84991	89261.018155	56.108743	1.037851	1.459902	5.123611
84993	89263.107755	55.998804	1.028649	1.486039	5.139413
84999	89269.374354	55.178951	0.744379	1.483271	5.210782
85001	89271.463482	55.950381	1.150825	1.468739	5.102762
85007	89277.731564	56.740437	1.037110	1.461595	4.937627
85011	89281.910061	55.798397	0.760786	1.472759	5.178284
85015	89286.088772	55.739506	0.751515	1.472980	4.983291
85021	89292.357596	55.745683	0.710222	1.479128	5.040439
85023	89294.446946	55.397945	0.769981	1.481593	5.254038
85029	89300.715640	55.846652	0.685887	1.479550	5.164785
85033	89304.893851	56.076422	1.026575	1.462853	5.165800
85037	89309.072285	55.840985	0.722035	1.480405	5.164438
85043	89315.339819	56.641413	1.048368	1.466006	5.134230
85045	89317.428866	55.907816	0.928399	1.471957	5.160387
85049	89321.606640	55.852251	0.669715	1.478634	5.283350
85057	89329.962853	55.824546	0.789419	1.472098	5.291849
85061	89334.142037	55.948719	0.720384	1.478438	5.076112
85067	89340.410365	55.837213	0.731991	1.478629	5.162209
85071	89344.588873	56.120240	1.062283	1.465120	5.143648
85077	89350.857776	56.416711	1.049611	1.461460	5.146318
85085	89359.215764	55.836273	0.719357	1.474353	5.170584
85089	89363.393600	55.580670	0.758009	1.481111	5.066044
85091	89365.482964	55.775128	0.691115	1.479244	5.072694
85093	89367.572072	55.523370	1.034981	1.461738	4.993125
85095	89369.661322	56.403788	1.057605	1.485059	5.026898
85099	89373.839114	56.196968	1.054347	1.464231	5.122948
85101	89375.928050	56.642905	1.082226	1.487172	5.174413
85103	89378.017138	55.497675	0.756377	1.479955	5.170797
85105	89380.106206	55.194101	0.735832	1.481028	5.212049
85107	89382.195448	55.810351	0.719635	1.478185	4.889732
85113	89388.463489	56.422979	1.061728	1.462962	5.032564
85117	89392.642082	56.651569	1.053970	1.462004	5.352710
85119	89394.731464	56.239320	1.060724	1.484907	5.214211
85121	89396.821054	54.784936	0.775335	1.482501	5.070164
85123	89398.910541	55.760252	0.760825	1.472453	4.943089
85127	89403.090094	55.768583	0.732213	1.478697	5.111007
85129	89405.179314	55.537376	0.726215	1.478989	5.309385
85131	89407.268565	56.839219	1.052015	1.463749	5.150076
85139	89415.626222	55.799389	0.708282	1.479082	5.158696
85141	89417.715185	55.227871	0.739102	1.481414	5.260742
85145	89421.893105	55.814118	0.737110	1.472896	5.095282
85151	89428.160858	55.479170	0.705682	1.478725	5.014735
85153	89430.249454	56.174043	0.677312	1.476104	5.094435
85155	89432.338546	55.772232	1.029389	1.462018	5.218214
85157	89434.427484	55.866042	1.034272	1.484370	5.233396
85159	89436.516748	56.208861	1.039927	1.462993	4.834085
85161	89438.606183	55.659823	0.915581	1.470217	5.086401
85163	89440.695291	56.132084	1.033940	1.457420	5.167447
85165	89442.784705	55.948385	1.040865	1.483453	5.153737
85167	89444.873836	55.769042	0.766553	1.471584	5.262071
85169	89446.963268	55.043379	1.045306	1.453807	4.942232
85175	89453.232233	57.068378	1.062383	1.461558	5.192164
85177	89455.321292	55.342388	1.004956	1.455471	5.266407
85181	89459.500083	57.800717	1.081841	1.466258	5.050830
85183	89461.590035	55.471516	1.022309	1.455752	5.034466
85189	89467.857842	56.873699	1.045267	1.460255	5.177132
85193	89472.036602	56.324445	1.043876	1.460637	5.010203
85195	89474.125609	55.966657	1.037336	1.483822	5.144872
85199	89478.303966	55.824467	0.778621	1.471157	5.200094
85203	89482.481659	55.755290	0.775899	1.477433	5.117410
85205	89484.570766	55.908760	0.757726	1.471230	5.164236
85213	89492.927336	55.790205	0.773712	1.470664	5.032360
85217	89497.106396	56.814277	1.055096	1.462574	5.260741
85221	89501.284787	57.321339	1.091824	1.459718	5.140622
85227	89507.553576	55.378791	0.725342	1.479006	5.084228
85229	89509.643199	55.833581	0.718957	1.476930	4.961660
85231	89511.732395	55.796976	0.769455	1.470536	5.102683
85233	89513.822029	55.938299	1.003079	1.455769	5.130480
85235	89515.911366	56.703202	1.065533	1.483256	5.252945
85237	89518.000768	55.674901	0.683825	1.477153	5.116032
85241	89522.179102	55.852705	0.698342	1.477285	5.338551
85243	89524.268147	55.800295	0.777122	1.470577	5.190678
85247	89528.446175	55.552009	0.697087	1.478246	5.040015
85251	89532.624302	55.783158	0.711981	1.477470	5.188571
85253	89534.713440	56.615612	1.040293	1.462080	5.277688
85255	89536.802366	56.431205	1.050473	1.457154	5.077639
85259	89540.980973	56.900310	1.035566	1.460026	4.978865
85265	89547.248826	58.260250	1.177087	1.460520	5.159075
85267	89549.337834	55.803125	1.039545	1.481795	5.138886
85273	89555.606081	55.044341	1.025910	1.459612	5.039503
85285	89568.143308	56.331150	1.061452	1.465742	5.116402
85287	89570.232392	55.962759	1.060079	1.455368	5.279557
85295	89578.589330	55.462624	0.764233	1.479403	5.107233
85301	89584.856560	55.852768	1.049409	1.481918	5.216285
85303	89586.945122	55.792394	0.792626	1.469314	5.094294
85305	89589.034339	56.388267	1.093001	1.483256	5.008167
85307	89591.123684	55.991978	0.753831	1.474632	5.152547
85309	89593.212813	55.968866	0.796331	1.469164	5.113820
85315	89599.480274	56.225500	0.706699	1.473863	5.150809
85319	89603.658765	56.406190	1.099237	1.458688	5.172131
85325	89609.927665	55.866348	0.724434	1.475589	5.294442
85327	89612.017394	55.431130	1.051483	1.459473	5.080079
85329	89614.106584	55.824889	0.955917	1.467876	4.946002
85333	89618.285242	58.216444	1.155611	1.461048	5.007574
85337	89622.464384	55.717376	0.776188	1.476916	4.981238
85339	89624.553514	55.752679	1.057648	1.457680	5.370518
85343	89628.731927	55.868634	0.766630	1.470581	4.882747
85345	89630.821181	56.561729	1.082545	1.483437	5.052883
85347	89632.910230	55.897152	0.711472	1.475600	5.045727
85351	89637.088059	56.082256	0.715976	1.475373	4.920451
85353	89639.177137	56.121740	1.058215	1.458406	5.134798
85361	89647.533507	55.586128	0.747808	1.476187	5.195543
85367	89653.801466	55.678999	0.715288	1.474892	5.258358
85377	89664.248925	55.264406	1.025397	1.457524	5.280673
85379	89666.338690	55.599083	0.993369	1.452310	5.053475
85381	89668.428059	55.990386	0.932269	1.467973	4.985130
85389	89676.785279	56.661588	1.052522	1.457368	5.032805
85391	89678.875048	56.153612	1.041090	1.480422	4.947429
85393	89680.964101	55.689006	1.032922	1.461631	5.151613
85397	89685.142188	55.858189	0.777820	1.468679	5.309467
85407	89695.587230	55.642846	0.756943	1.475240	5.259896
85415	89703.944161	54.449388	1.009673	1.457668	5.137224
85425	89714.390845	55.710965	0.695413	1.474350	5.051114
85427	89716.480567	54.966507	1.028361	1.458721	5.050023
85429	89718.569982	55.958850	0.932787	1.467533	5.072049
85431	89720.659639	55.905647	0.933320	1.466844	5.223453
85435	89724.838503	56.952507	1.065302	1.457697	5.126203
85437	89726.927686	56.023853	1.045752	1.480745	5.120461
85439	89729.017296	55.855730	0.703772	1.474818	5.140487
85447	89737.373924	55.584857	1.058222	1.455834	4.975836
85453	89743.641758	55.539870	0.737889	1.476139	5.141817
85455	89745.730666	56.993830	1.102624	1.458145	5.070441
85457	89747.819080	56.116340	1.076996	1.480115	5.229522
85459	89749.908459	56.191287	1.088862	1.456925	4.930534
85461	89751.998157	56.103975	1.079671	1.479687	5.066244
85465	89756.173075	55.781485	0.845535	1.467552	5.185350
85467	89758.264259	56.820061	1.116634	1.454523	5.115168
85469	89760.353233	56.325038	1.087386	1.479549	5.370220
85471	89762.442342	56.820741	1.082186	1.454472	4.902183
85473	89764.532164	56.388248	1.116295	1.480676	4.934798
85477	89768.711212	55.753341	0.752241	1.472990	5.090640
85479	89770.800635	55.207659	0.835414	1.476076	5.009641
85481	89772.889996	55.862231	0.723886	1.473485	5.072427
85483	89774.979908	55.337067	0.810156	1.476185	4.999989
85485	89777.069334	55.854749	0.767858	1.467937	5.049301
85491	89783.337207	55.923912	0.822524	1.467823	4.953695
85501	89793.783450	55.547115	0.835182	1.474082	5.028306
85509	89802.139001	56.026312	0.826726	1.466482	5.066874
85511	89804.228403	56.265005	1.024982	1.451600	4.877970
85513	89806.317449	54.934342	1.075309	1.483854	5.084502
85515	89808.406871	55.195349	0.784572	1.475989	5.136570
85517	89810.496141	55.631329	0.786496	1.474121	5.297510
85519	89812.585223	56.812326	1.075297	1.456168	5.121915
85521	89814.675287	55.392705	1.002551	1.447969	5.269111
85529	89823.033900	56.011203	0.793631	1.466466	5.208234
85531	89825.122911	56.134929	1.063750	1.479778	5.288798
85533	89827.212302	55.843229	0.757345	1.472905	5.213952
85535	89829.301703	57.082536	1.100367	1.456796	5.099074
85537	89831.389470	56.582101	1.041053	1.481090	4.841651
85541	89835.568349	55.936234	0.717262	1.472316	5.016938
85543	89837.657494	56.744205	1.125378	1.457009	5.002318
85547	89841.837905	56.586410	1.069665	1.454253	5.241641
85553	89848.105687	56.380426	1.138140	1.453168	4.880502
85555	89850.194446	56.108514	1.063211	1.479526	5.108222
85557	89852.284029	55.482367	0.769313	1.475964	5.117985
85559	89854.373274	55.333306	0.800558	1.477810	5.057379
85567	89862.729820	55.888930	0.726690	1.471784	4.975602
85573	89868.997303	55.916039	0.731232	1.472194	5.021661
85583	89879.444289	55.316721	1.043454	1.458364	5.328198
85585	89881.533799	55.994769	0.947585	1.465026	5.059727
85587	89883.623361	53.323976	4.592300	1.447719	4.943259
85589	89885.712868	56.124252	0.724179	1.471157	4.969124
85591	89887.802051	56.906766	1.081209	1.454400	5.114307
85593	89889.891101	56.533567	1.107505	1.452772	4.958026
85595	89891.980496	56.366771	1.079195	1.477820	4.945506
85597	89894.068970	52.625675	1.042087	1.459713	5.010687
85605	89902.425615	55.951905	1.056888	1.453833	5.184557
85613	89910.782711	56.209920	0.820829	1.465449	5.026513
85615	89912.872139	56.070238	0.966874	1.464106	5.078597
85617	89914.961307	56.093077	0.991814	1.463547	5.198078
85621	89919.139339	56.033553	0.836128	1.464656	5.117501
85623	89921.228733	55.665043	1.060937	1.448847	5.132212
85625	89923.317996	56.147711	0.945831	1.464548	5.021955
85629	89927.496693	56.109080	0.732442	1.470996	5.179392
85633	89931.675649	55.728566	0.760067	1.473727	5.081766
85637	89935.854454	57.174511	1.102789	1.454472	4.932504
85641	89940.033299	56.543757	1.112634	1.455106	5.101046
85643	89942.122269	56.357473	1.140031	1.451098	5.103442
85647	89946.301002	56.002533	0.860285	1.465285	4.987384
85649	89948.390567	55.850939	1.114071	1.450353	5.002656
85651	89950.480020	55.903197	1.141997	1.450902	5.077013
85653	89952.568765	56.433020	1.113487	1.477966	5.101799
85655	89954.657503	55.687048	0.800055	1.474771	4.883979
85663	89963.014156	54.866367	1.055780	1.458102	5.014408
85673	89973.459489	56.307668	0.778026	1.469563	5.131003
85675	89975.548906	56.902980	1.089139	1.453876	5.338710
85677	89977.638055	56.737707	1.133155	1.451636	5.245081
85685	89985.995480	55.975018	1.066481	1.453095	5.042687
85687	89988.084974	55.866297	1.090319	1.478998	4.864533
85693	89994.353277	56.092004	0.745469	1.471053	5.085434
85695	89996.443052	55.792540	1.068528	1.454677	5.206289
85697	89998.532556	56.101910	0.990423	1.463409	5.004677
85699	90000.621054	56.095269	0.976010	1.463690	5.147097
85703	90004.799864	56.018474	0.828297	1.465199	5.004287
85705	90006.889196	56.038167	1.076708	1.477458	5.103528
85709	90011.066930	55.912981	0.747242	1.466083	5.139286
85713	90015.245211	56.050995	0.763155	1.470338	4.947574
85715	90017.334457	55.953062	0.752609	1.470476	4.985455
85717	90019.423747	56.116537	0.798805	1.463999	5.072393
85723	90025.688861	55.832290	0.722950	1.470822	5.051086
85725	90027.777842	55.730835	0.777501	1.471778	5.199318
85733	90036.136404	55.951304	1.078034	1.453715	5.129958
85735	90038.225397	56.567511	1.098709	1.449999	5.165830
85739	90042.403936	54.231694	1.055586	1.456804	5.016196
85741	90044.493572	55.872230	1.081305	1.477842	4.972879
85747	90050.761662	56.247172	1.096155	1.455787	5.136411
85755	90059.118681	55.441661	0.772773	1.473476	5.032947
85759	90063.296713	56.585016	1.116755	1.454026	5.219461
85763	90067.475608	56.068516	0.711276	1.469795	5.101232
85767	90071.652647	57.242171	1.082597	1.454388	5.001918
