time (s)	energy (uJ)	charge (mC)	voltage (mV)	crossing#mod 255
84029.854449	207.491669	0.035937	5.773682	177
84030.887302	219.021591	0.035939	6.094325	178
84031.947026	197.590775	0.035936	5.498333	179
84032.988234	220.411087	0.035935	6.133657	180
84034.012116	222.973251	0.035939	6.204151	181
84035.089376	401.158508	0.035942	11.161307	182
84036.121625	222.860138	0.035938	6.201259	183
84037.170388	211.792084	0.035938	5.893227	184
84038.225460	218.733200	0.035934	6.087009	185
84039.262315	218.193085	0.035936	6.071673	186
84040.157821	32.043163	0.035938	0.891613	187
84041.332909	246.070328	0.035936	6.847366	188
84042.396563	220.924149	0.035937	6.147502	189
84043.454932	224.437271	0.035941	6.244669	190
84044.514650	200.397522	0.035941	5.575792	191
84045.538417	226.055374	0.035935	6.290679	192
84046.560889	251.141434	0.035940	6.987813	193
84047.621199	234.757080	0.035935	6.532820	194
84048.674041	229.829208	0.035937	6.395273	195
84049.731931	202.926208	0.035941	5.646159	196
84050.713739	245.312103	0.035941	6.825418	197
84051.837500	186.022247	0.035938	5.176127	198
84053.902179	233.028381	0.035940	6.483883	200
84054.961153	209.046158	0.035935	5.817309	201
84055.999942	222.546936	0.035935	6.193028	202
84057.018040	250.952545	0.035938	6.982887	203
84058.097780	219.623779	0.035937	6.111327	204
84059.118383	239.340759	0.035937	6.660034	205
84060.184804	224.107712	0.035938	6.235903	206
84061.209238	242.579956	0.035936	6.750369	207
84062.263857	243.536850	0.035935	6.777220	208
84063.298794	242.627258	0.035937	6.751458	209
84064.359798	234.773621	0.035935	6.533271	210
84065.398529	227.848480	0.035934	6.340675	211
84066.451934	234.784622	0.035936	6.533407	212
84067.484340	233.702316	0.035937	6.503191	213
84068.545125	227.403717	0.035937	6.327839	214
84069.584472	217.423416	0.035937	6.050093	215
84070.648966	196.740326	0.035936	5.474765	216
84071.661377	241.362503	0.035939	6.715923	217
84073.361240	-1009.397766	0.035936	-28.088951	218
84073.751770	242.971008	0.035935	6.761400	219
84074.809372	236.714218	0.035934	6.587497	220
84075.843772	234.578201	0.035935	6.527916	221
84076.929014	176.972733	0.035936	4.924652	222
84077.939073	224.078979	0.035934	6.235808	223
84078.993339	230.185715	0.035939	6.404911	224
84080.058750	163.594772	0.035936	4.552354	225
84081.082718	227.943817	0.035935	6.343274	226
84082.123349	226.904785	0.035940	6.313512	227
84083.171163	226.308640	0.035934	6.297833	228
84084.221083	216.375015	0.035939	6.020590	229
84085.171974	253.962631	0.035936	7.067008	230
84086.309917	219.376251	0.035938	6.104215	231
84087.360254	197.609451	0.035934	5.499282	232
84088.371428	283.160828	0.035942	7.878350	233
84089.439345	222.314499	0.035938	6.186053	234
84090.478863	246.443909	0.035940	6.857000	235
84091.523828	237.203690	0.035934	6.601036	236
84092.576015	228.016418	0.035934	6.345393	237
84093.616371	234.780792	0.035939	6.532764	238
84094.677690	202.064026	0.035937	5.622705	239
84095.688786	273.756104	0.035942	7.616679	240
84096.760121	220.754456	0.035940	6.142363	241
84097.814528	190.517578	0.035942	5.300765	242
84098.850835	216.752045	0.035942	6.030572	243
84099.912481	168.694534	0.035939	4.693921	244
84101.057011	18.575109	0.035934	0.516922	245
84101.980757	226.208389	0.035937	6.294624	246
84103.206895	-294.280640	0.035934	-8.189516	247
84104.062005	245.808136	0.035940	6.839424	248
84105.130560	208.473694	0.035939	5.800789	249
84106.171441	195.066147	0.035935	5.428252	250
84107.217832	203.122604	0.035935	5.652497	251
84108.247822	233.095764	0.035934	6.486862	252
84109.286569	254.029877	0.035935	7.069159	253
84110.329940	257.993439	0.035934	7.179598	254
84111.346199	315.578857	0.035935	8.781947	255
84112.427522	243.803360	0.035936	6.784457	0
84113.485957	204.733658	0.035934	5.697442	1
84114.541568	187.474594	0.035939	5.216497	2
84115.608988	107.674355	0.035934	2.996435	3
84116.614336	233.957062	0.035938	6.510015	4
84117.637699	262.317841	0.035937	7.299341	5
84118.728559	165.794693	0.035936	4.613600	6
84119.739732	227.856918	0.035934	6.341037	7
84120.767067	305.603058	0.035934	8.504548	8
84122.907755	177.545944	0.035934	4.940914	10
84123.930644	423.274384	0.035941	11.776978	11
84124.998624	175.403839	0.035941	4.880334	12
84126.003759	242.586975	0.035934	6.750890	13
84127.072162	216.121048	0.035937	6.013915	14
84128.114683	187.208527	0.035933	5.209916	15
84129.071699	262.503998	0.035935	7.304869	16
84130.205378	185.499481	0.035936	5.161957	17
84131.264654	187.247162	0.035934	5.210872	18
84132.281595	223.646530	0.035933	6.224054	19
84133.366688	155.705948	0.035933	4.333170	20
84134.370674	227.580368	0.035938	6.332577	21
84135.438650	198.808777	0.035939	5.531785	22
84136.471877	201.732391	0.035935	5.613808	23
84137.530259	188.691986	0.035936	5.250824	24
84138.521370	307.931427	0.035936	8.568860	25
84139.602046	230.848740	0.035938	6.423440	26
84140.643552	233.557632	0.035935	6.499529	27
84141.695338	216.048141	0.035935	6.012266	28
84142.745090	207.195297	0.035941	5.764899	29
84143.797694	180.133026	0.035935	5.012757	30
84144.826581	234.154037	0.035939	6.515395	31
84145.870043	228.148285	0.035934	6.349010	32
84146.921176	221.027649	0.035938	6.150237	33
84147.965005	216.313614	0.035939	6.018857	34
84148.989259	279.910950	0.035939	7.788602	35
84150.045501	239.875092	0.035936	6.675046	36
84151.114368	186.478256	0.035934	5.189402	37
84152.134777	242.055511	0.035934	6.736168	38
84153.197383	204.283997	0.035938	5.684423	39
84154.229357	231.967468	0.035937	6.454838	40
84155.267338	256.197388	0.035936	7.129205	41
84156.320138	229.153427	0.035935	6.376805	42
84157.373454	213.960388	0.035941	5.953076	43
84158.414449	215.445160	0.035935	5.995455	44
84159.478001	179.228882	0.035941	4.986698	45
84160.499229	228.957031	0.035935	6.371385	46
84161.550311	225.837158	0.035936	6.284375	47
84162.589568	232.889648	0.035936	6.480667	48
84163.641081	219.675003	0.035938	6.112538	49
84164.698143	182.648895	0.035941	5.081850	50
84165.731534	217.149979	0.035940	6.042057	51
84166.791203	148.369446	0.035936	4.128672	52
84167.807348	251.503845	0.035934	6.999048	53
84168.863593	231.782822	0.035938	6.449522	54
84169.908734	216.732101	0.035937	6.030862	55
84171.998114	209.699036	0.035934	5.835714	57
84173.065613	183.177887	0.035935	5.097411	58
84174.081510	226.924286	0.035935	6.314767	59
84175.160258	171.660156	0.035933	4.777238	60
84176.178931	204.170135	0.035937	5.681353	61
